# x, 1, 2, 5, 10, 20
-2.500000000000000000e+00 5.000000000000053291e-01 5.000000000000053291e-01 4.999999999999948930e-01 1.499999999999990674e+00 2.499999999999992006e+00
-2.397959183673469497e+00 7.004767985554749554e-01 7.004767985554749554e-01 1.000623142741383864e+00 2.507420124183770693e-01 5.187296232332546664e-01
-2.295918367346938993e+00 8.805273156227426679e-01 8.805273156227426679e-01 1.071017038811389543e+00 1.353621173975093406e+00 7.072065527085376058e-01
-2.193877551020408045e+00 1.021806473017138561e+00 1.021806473017138561e+00 9.494292489980734606e-01 1.196753820210872288e+00 1.927852594586229595e-01
-2.091836734693877542e+00 1.109919548465822192e+00 1.109919548465822192e+00 9.889326236978830398e-01 2.959957848423537818e-01 2.174920312021917379e-01
-1.989795918367347038e+00 1.135888832354143174e+00 1.135888832354143174e+00 1.050260210792297588e+00 1.996648592497532793e+00 2.826199357699208825e+00
-1.887755102040816313e+00 1.097068353145384201e+00 1.097068353145384201e+00 9.690113335813534956e-01 2.060200945269657913e-02 8.406963433601843949e-01
-1.785714285714285587e+00 9.974134714675013669e-01 9.974134714675013669e-01 9.657672910458989790e-01 1.657378109982792669e+00 1.389175899127856439e+00
-1.683673469387755084e+00 8.470778743281355272e-01 8.470778743281355272e-01 1.088113937015383392e+00 8.596582684563253141e-01 -9.044472907348677371e-02
-1.581632653061224580e+00 6.613790311152254464e-01 6.613790311152254464e-01 9.300108714086265937e-01 6.070892951497104395e-01 -4.925789823972426262e-02
-1.479591836734693855e+00 4.592375195257005771e-01 4.592375195257005771e-01 3.788775196174721804e-01 1.172962795643050171e+00 1.522227394351709950e+00
-1.377551020408163129e+00 2.612492361716869382e-01 2.612492361716869382e-01 -5.111333404319540197e-02 -1.066156544975010334e+00 5.535221655626088033e-03
-1.275510204081632626e+00 8.758691144540459161e-02 8.758691144540459161e-02 -4.585835486033218444e-02 8.389698577902942045e-01 1.088342625594371782e+00
-1.173469387755102122e+00 -4.405525984200409084e-02 -4.405525984200409084e-02 5.818905124191359191e-02 -3.710162056220568383e-01 -1.107758445954008630e+00
-1.071428571428571397e+00 -1.202644535342781706e-01 -1.202644535342781706e-01 -9.757063247939568029e-03 -2.019612925196737629e-01 -1.126672552825694451e+00
-9.693877551020406713e-01 -1.332758287442731282e-01 -1.332758287442731282e-01 -4.267825800685398629e-02 7.008609091222136600e-01 7.451487127414044842e-01
-8.673469387755101678e-01 -8.176367589111477319e-02 -8.176367589111477319e-02 4.706674631015905774e-02 -9.650759777854864829e-01 -6.255353850913181191e-02
-7.653061224489796643e-01 2.902350873124381891e-02 2.902350873124381891e-02 1.074528522967965749e-02 9.112038905426987911e-01 1.632916800826590631e+00
-6.632653061224489388e-01 1.877977844000489061e-01 1.877977844000489061e-01 -9.280656355501315513e-02 -5.562578867711676089e-01 -9.398261374635430432e-01
-5.612244897959182133e-01 3.783818773795615265e-01 3.783818773795615265e-01 1.590644693677718546e-01 3.424745532060896602e-02 -1.031072030540548523e+00
-4.591836734693877098e-01 5.813574591727996843e-01 5.813574591727996843e-01 7.365194853968347610e-01 1.389288092782459128e+00 1.120507218889636558e+00
-3.571428571428572063e-01 7.760436510007013844e-01 7.760436510007013844e-01 1.081375949729913355e+00 1.257782676311808845e-01 7.516947915669357494e-01
-2.551020408163262587e-01 9.426041676432470595e-01 9.426041676432470595e-01 1.017172715455404219e+00 1.980271032895563055e+00 2.979284640563736986e+00
-1.530612244897957552e-01 1.064068406904691955e+00 1.064068406904691955e+00 9.432559487333023185e-01 2.434803667963357232e-01 4.148155328165232247e-01
-5.102040816326525174e-02 1.128060558916853751e+00 1.128060558916853751e+00 1.028536408796343560e+00 1.282883804870414313e+00 4.617887392140876401e-01
5.102040816326525174e-02 1.128060558916853751e+00 1.128060558916853751e+00 1.028536408796343560e+00 1.282883804870414313e+00 4.617887392140876401e-01
1.530612244897957552e-01 1.064068406904691955e+00 1.064068406904691955e+00 9.432559487333023185e-01 2.434803667963357232e-01 4.148155328165232247e-01
2.551020408163267028e-01 9.426041676432463934e-01 9.426041676432463934e-01 1.017172715455404886e+00 1.980271032895561056e+00 2.979284640563730324e+00
3.571428571428572063e-01 7.760436510007013844e-01 7.760436510007013844e-01 1.081375949729913355e+00 1.257782676311808845e-01 7.516947915669357494e-01
4.591836734693877098e-01 5.813574591727996843e-01 5.813574591727996843e-01 7.365194853968347610e-01 1.389288092782459128e+00 1.120507218889636558e+00
5.612244897959186574e-01 3.783818773795605273e-01 3.783818773795605273e-01 1.590644693677695787e-01 3.424745532059597641e-02 -1.031072030540559403e+00
6.632653061224491609e-01 1.877977844000486840e-01 1.877977844000486840e-01 -9.280656355501304411e-02 -5.562578867711640562e-01 -9.398261374635530352e-01
7.653061224489796643e-01 2.902350873124381891e-02 2.902350873124381891e-02 1.074528522967965749e-02 9.112038905426987911e-01 1.632916800826590631e+00
8.673469387755101678e-01 -8.176367589111477319e-02 -8.176367589111477319e-02 4.706674631015905774e-02 -9.650759777854864829e-01 -6.255353850913181191e-02
9.693877551020406713e-01 -1.332758287442731282e-01 -1.332758287442731282e-01 -4.267825800685398629e-02 7.008609091222136600e-01 7.451487127414044842e-01
1.071428571428571619e+00 -1.202644535342780596e-01 -1.202644535342780596e-01 -9.757063247939234962e-03 -2.019612925196770936e-01 -1.126672552825694673e+00
1.173469387755102122e+00 -4.405525984200409084e-02 -4.405525984200409084e-02 5.818905124191359191e-02 -3.710162056220568383e-01 -1.107758445954008630e+00
1.275510204081632626e+00 8.758691144540459161e-02 8.758691144540459161e-02 -4.585835486033218444e-02 8.389698577902942045e-01 1.088342625594371782e+00
1.377551020408163573e+00 2.612492361716879929e-01 2.612492361716879929e-01 -5.111333404319429174e-02 -1.066156544975009890e+00 5.535221655625310877e-03
1.479591836734694077e+00 4.592375195257011322e-01 4.592375195257011322e-01 3.788775196174739013e-01 1.172962795643055500e+00 1.522227394351729046e+00
1.581632653061224580e+00 6.613790311152254464e-01 6.613790311152254464e-01 9.300108714086265937e-01 6.070892951497104395e-01 -4.925789823972426262e-02
1.683673469387755084e+00 8.470778743281355272e-01 8.470778743281355272e-01 1.088113937015383392e+00 8.596582684563253141e-01 -9.044472907348677371e-02
1.785714285714285587e+00 9.974134714675013669e-01 9.974134714675013669e-01 9.657672910458989790e-01 1.657378109982792669e+00 1.389175899127856439e+00
1.887755102040816091e+00 1.097068353145383979e+00 1.097068353145383979e+00 9.690113335813534956e-01 2.060200945269441419e-02 8.406963433601821745e-01
1.989795918367347483e+00 1.135888832354143174e+00 1.135888832354143174e+00 1.050260210792297588e+00 1.996648592497536789e+00 2.826199357699226589e+00
2.091836734693877986e+00 1.109919548465821970e+00 1.109919548465821970e+00 9.889326236978823736e-01 2.959957848423480642e-01 2.174920312022144975e-01
2.193877551020408490e+00 1.021806473017138117e+00 1.021806473017138117e+00 9.494292489980744598e-01 1.196753820210887387e+00 1.927852594586464408e-01
2.295918367346938993e+00 8.805273156227426679e-01 8.805273156227426679e-01 1.071017038811389543e+00 1.353621173975093406e+00 7.072065527085376058e-01
2.397959183673469497e+00 7.004767985554749554e-01 7.004767985554749554e-01 1.000623142741383864e+00 2.507420124183770693e-01 5.187296232332546664e-01
2.500000000000000000e+00 5.000000000000053291e-01 5.000000000000053291e-01 4.999999999999948930e-01 1.499999999999990674e+00 2.499999999999992006e+00
