# x, 1, 2, 5, 10, 20
-2.500000000000000000e+00 -1.362157096786440480e-01 -1.362157096786440480e-01 -5.123251794570804485e-02 -3.095374246807758301e-02 1.546722180626403098e-02
-2.397959183673469497e+00 -1.038041756089868040e-01 -1.038041756089868040e-01 2.132929783001386026e-02 3.270833651990145974e-02 1.611826197909499436e-02
-2.295918367346938993e+00 -9.871936182851981378e-03 -9.871936182851981378e-03 4.342202603208245026e-02 -3.752014737867026550e-02 1.849480375055417847e-02
-2.193877551020408045e+00 1.360103930614020018e-01 1.360103930614020018e-01 -8.085429123749321434e-02 5.056267513356910159e-02 2.414665336672427998e-02
-2.091836734693877542e+00 3.189790795483898878e-01 3.189790795483898878e-01 3.223537247962704466e-02 -8.521003848019614857e-02 4.148214337822631048e-02
-1.989795918367347038e+00 5.203917171710746858e-01 5.203917171710746858e-01 5.609247005125037600e-01 6.008660909561099883e-01 6.965445746345252376e-01
-1.887755102040816313e+00 7.197266731968593456e-01 7.197266731968593456e-01 1.028426581417520191e+00 1.082395680805778415e+00 9.645387367138371637e-01
-1.785714285714285587e+00 8.966740067669545233e-01 8.966740067669545233e-01 1.059161331977106268e+00 9.534615029223210136e-01 9.833211485839561394e-01
-1.683673469387755084e+00 1.033204818426994187e+00 1.033204818426994187e+00 9.444798875361446466e-01 1.033007403409259339e+00 9.897946498807898008e-01
-1.581632653061224580e+00 1.115408187756883773e+00 1.115408187756883773e+00 9.994204398765260677e-01 9.725054728389952441e-01 9.932563665319533719e-01
-1.479591836734693855e+00 1.134908536269188195e+00 1.134908536269188195e+00 1.047376204025081137e+00 1.024711998886422393e+00 9.955400543852084283e-01
-1.377551020408163129e+00 1.089719002587925534e+00 1.089719002587925534e+00 9.603188050270394793e-01 9.752293818723190011e-01 9.975412705150709103e-01
-1.275510204081632626e+00 9.844438807857522900e-01 9.844438807857522900e-01 9.767621480757093799e-01 1.026430833042814461e+00 9.999976035989295298e-01
-1.173469387755102122e+00 8.298094957398136629e-01 8.298094957398136629e-01 1.092262684345608914e+00 9.674696878292494695e-01 1.004880296942640694e+00
-1.071428571428571397e+00 6.415713139153689237e-01 6.415713139153689237e-01 8.876182136123480504e-01 1.040723151001256674e+00 1.025810241882490814e+00
-9.693877551020406713e-01 4.389086424266510633e-01 4.389086424266510633e-01 3.201185399680547827e-01 2.107054856762290429e-01 6.750571118487480593e-03
-8.673469387755101678e-01 2.424704780892904532e-01 2.424704780892904532e-01 -6.871946994349309445e-02 -4.880466319164067368e-02 -1.291623694140853207e-02
-7.653061224489796643e-01 7.227161198481113491e-02 7.227161198481113491e-02 -3.167747444997659478e-02 2.541470727696887311e-02 -1.168279095629609632e-02
-6.632653061224489388e-01 -5.434664770013930557e-02 -5.434664770013930557e-02 5.857357086190528861e-02 -1.594085549505164234e-02 -1.122472637709104326e-02
-5.612244897959182133e-01 -1.244833556566424804e-01 -1.244833556566424804e-01 -1.957675396783864485e-02 1.163557937676212850e-02 -1.165216864308993294e-02
-4.591836734693877098e-01 -1.309923874967485746e-01 -1.309923874967485746e-01 -3.632605420123147244e-02 -8.400795233750035784e-03 -1.287083691584833822e-02
-3.571428571428572063e-01 -7.321054769090185044e-02 -7.321054769090185044e-02 5.284062266239708539e-02 6.253996812265683047e-03 -1.530807583096593927e-02
-2.551020408163262587e-01 4.297485843038229003e-02 4.297485843038229003e-02 -2.869892608735602479e-03 -2.658331910131206399e-03 -2.025297259278124873e-02
-1.530612244897957552e-01 2.057258734208809448e-01 2.057258734208809448e-01 -8.930368225689633288e-02 -4.476712969699203626e-03 -3.214819438565019727e-02
-5.102040816326525174e-02 3.984600395167017250e-01 3.984600395167017250e-01 2.096018919729495389e-01 5.907884002290936243e-02 -8.435915780962544019e-02
5.102040816326525174e-02 6.015399604832982750e-01 6.015399604832982750e-01 7.903981080270504611e-01 9.409211599770905821e-01 1.084359157809625440e+00
1.530612244897957552e-01 7.942741265791191108e-01 7.942741265791191108e-01 1.089303682256896444e+00 1.004476712969699204e+00 1.032148194385650086e+00
2.551020408163267028e-01 9.570251415696183761e-01 9.570251415696183761e-01 1.002869892608734936e+00 1.002658331910131873e+00 1.020252972592781138e+00
3.571428571428572063e-01 1.073210547690901961e+00 1.073210547690901961e+00 9.471593773376029146e-01 9.937460031877343170e-01 1.015308075830966050e+00
4.591836734693877098e-01 1.130992387496748464e+00 1.130992387496748464e+00 1.036326054201231361e+00 1.008400795233749925e+00 1.012870836915848338e+00
5.612244897959186574e-01 1.124483355656642480e+00 1.124483355656642480e+00 1.019576753967838201e+00 9.883644206232373719e-01 1.011652168643089489e+00
6.632653061224491609e-01 1.054346647700139084e+00 1.054346647700139084e+00 9.414264291380950445e-01 1.015940855495052197e+00 1.011224726377091265e+00
7.653061224489796643e-01 9.277283880151888651e-01 9.277283880151888651e-01 1.031677474449976595e+00 9.745852927230311824e-01 1.011682790956295985e+00
8.673469387755101678e-01 7.575295219107095468e-01 7.575295219107095468e-01 1.068719469943493205e+00 1.048804663191640785e+00 1.012916236941408421e+00
9.693877551020406713e-01 5.610913575733489367e-01 5.610913575733489367e-01 6.798814600319451618e-01 7.892945143237709571e-01 9.932494288815125749e-01
1.071428571428571619e+00 3.584286860846305212e-01 3.584286860846305212e-01 1.123817863876509504e-01 -4.072315100125756260e-02 -2.581024188249037010e-02
1.173469387755102122e+00 1.701905042601863371e-01 1.701905042601863371e-01 -9.226268434560902509e-02 3.253031217075058601e-02 -4.880296942640582891e-03
1.275510204081632626e+00 1.555611921424771005e-02 1.555611921424771005e-02 2.323785192429067559e-02 -2.643083304281446111e-02 2.396401070525744359e-06
1.377551020408163573e+00 -8.971900258792597782e-02 -8.971900258792597782e-02 3.968119497296007658e-02 2.477061812768105442e-02 2.458729484928978692e-03
1.479591836734694077e+00 -1.349085362691883061e-01 -1.349085362691883061e-01 -4.737620402508113671e-02 -2.471199888642283682e-02 4.459945614791627211e-03
1.581632653061224580e+00 -1.154081877568836623e-01 -1.154081877568836623e-01 5.795601234739877761e-04 2.749452716100475591e-02 6.743633468046683621e-03
1.683673469387755084e+00 -3.320481842699407604e-02 -3.320481842699407604e-02 5.552011246385535337e-02 -3.300740340925933936e-02 1.020535011921019919e-02
1.785714285714285587e+00 1.033259932330454767e-01 1.033259932330454767e-01 -5.916133197710626845e-02 4.653849707767898636e-02 1.667885141604380506e-02
1.887755102040816091e+00 2.802733268031401548e-01 2.802733268031400993e-01 -2.842658141752096856e-02 -8.239568080577885922e-02 3.546126328616205914e-02
1.989795918367347483e+00 4.796082828289263689e-01 4.796082828289263689e-01 4.390752994874989601e-01 3.991339090438943416e-01 3.034554253654832001e-01
2.091836734693877986e+00 6.810209204516111114e-01 6.810209204516111114e-01 9.677646275203746207e-01 1.085210038480196815e+00 9.585178566217735785e-01
2.193877551020408490e+00 8.639896069385984978e-01 8.639896069385984978e-01 1.080854291237492326e+00 9.494373248664305098e-01 9.758533466332746098e-01
2.295918367346938993e+00 1.009871936182852092e+00 1.009871936182852092e+00 9.565779739679175497e-01 1.037520147378670377e+00 9.815051962494458770e-01
2.397959183673469497e+00 1.103804175608986693e+00 1.103804175608986693e+00 9.786707021699860842e-01 9.672916634800985403e-01 9.838817380209050611e-01
2.500000000000000000e+00 1.136215709678644048e+00 1.136215709678644048e+00 1.051232517945708045e+00 1.030953742468077472e+00 9.845327781937359690e-01
