# x, 1, 2, 5, 10, 20
-2.500000000000000000e+00 -6.360378895909399866e-01 -6.360378895909399866e-01 -5.509975514327800639e-01 -5.307339449265170428e-01 -4.849784698386598314e-01
-2.397959183673469497e+00 -6.036354144328173188e-01 -6.036354144328173188e-01 -4.786910576729627165e-01 -4.674576906403158927e-01 -4.841480672091401094e-01
-2.295918367346938993e+00 -5.097294287423242976e-01 -5.097294287423242976e-01 -4.566947877668813827e-01 -5.371400309621436886e-01 -4.818056285318215171e-01
-2.193877551020408045e+00 -3.638878731039181247e-01 -3.638878731039181247e-01 -5.804174539937670962e-01 -4.497448120278706996e-01 -4.762878144183221862e-01
-2.091836734693877542e+00 -1.809703257312011426e-01 -1.809703257312011426e-01 -4.671138730203259204e-01 -5.839051826994439143e-01 -4.591161328686306220e-01
-1.989795918367347038e+00 2.038601775673988883e-02 2.038601775673988883e-02 6.083064043643625352e-02 1.005398685186489616e-01 1.948831269958039847e-01
-1.887755102040816313e+00 2.196652603525921787e-01 2.196652603525922065e-01 5.277347056371617384e-01 5.814274826367900051e-01 4.648223602305235347e-01
-1.785714285714285587e+00 3.965631377557053971e-01 3.965631377557053971e-01 5.588528683637160599e-01 4.537198257718093042e-01 4.835508262131258950e-01
-1.683673469387755084e+00 5.330557895266784252e-01 5.330557895266784252e-01 4.446365120175002073e-01 5.326645400619243187e-01 4.898745534896111198e-01
-1.581632653061224580e+00 6.152361832995023594e-01 6.152361832995023594e-01 4.993666553277538167e-01 4.726512594963861447e-01 4.932724818410683110e-01
-1.479591836734693855e+00 6.347310815319254784e-01 6.347310815319254784e-01 5.471545898192522461e-01 5.245324240771611635e-01 4.957020185807949897e-01
-1.377551020408163129e+00 5.895541781688399263e-01 5.895541781688399263e-01 4.604062541644743378e-01 4.753248616698083073e-01 4.975500426631865314e-01
-1.275510204081632626e+00 4.843084803986531517e-01 4.843084803986531517e-01 4.768063553603701932e-01 5.261285340475656547e-01 4.999504388601306304e-01
-1.173469387755102122e+00 3.297173151278515735e-01 3.297173151278515735e-01 5.917125424066067563e-01 4.676532227463863212e-01 5.047063237824097603e-01
-1.071428571428571397e+00 1.415317452233768591e-01 1.415317452233768591e-01 3.870545935168894225e-01 5.392866198302039837e-01 5.250262163358341283e-01
-9.693877551020406713e-01 -6.107428275046043048e-02 -6.107428275046042354e-02 -1.796063711661215201e-01 -2.883850665661061297e-01 -4.896044345071706716e-01
-8.673469387755101678e-01 -2.574575433011343506e-01 -2.574575433011343506e-01 -5.680334039203369656e-01 -5.482729639350479856e-01 -5.122292527158625042e-01
-7.653061224489796643e-01 -4.276088394119190728e-01 -4.276088394119190728e-01 -5.314998169317919352e-01 -4.746719977089869369e-01 -5.113226582061595193e-01
-6.632653061224489388e-01 -5.541917097317539120e-01 -5.541917097317539120e-01 -4.415891179739008798e-01 -5.157266754307312517e-01 -5.108623456019043552e-01
-5.612244897959182133e-01 -6.243088147212596528e-01 -6.243088147212596528e-01 -5.194519666294278304e-01 -4.884154266320422932e-01 -5.112805210769303388e-01
-4.591836734693877098e-01 -6.308160273095065884e-01 -6.308160273095065884e-01 -5.361428005859147916e-01 -5.083256825421832437e-01 -5.125557346791308477e-01
-3.571428571428572063e-01 -5.730503373277927581e-01 -5.730503373277927581e-01 -4.472970505632071214e-01 -4.936986210987124868e-01 -5.149122874904719094e-01
-2.551020408163262587e-01 -4.568974046251811916e-01 -4.568974046251811916e-01 -5.028133035012047891e-01 -5.025309189386383268e-01 -5.197624012969785934e-01
-1.530612244897957552e-01 -2.941918779797819683e-01 -2.941918779797819683e-01 -5.886671654616143501e-01 -5.043622129612699290e-01 -5.312615808761478320e-01
-5.102040816326525174e-02 -1.015115804159658630e-01 -1.015115804159658769e-01 -2.899626155861165788e-01 -4.396179631144923605e-01 -5.814094191720201588e-01
5.102040816326525174e-02 1.015115804159658630e-01 1.015115804159658769e-01 2.899626155861165788e-01 4.396179631144923605e-01 5.814094191720201588e-01
1.530612244897957552e-01 2.941918779797819683e-01 2.941918779797819683e-01 5.886671654616143501e-01 5.043622129612699290e-01 5.312615808761478320e-01
2.551020408163267028e-01 4.568974046251818022e-01 4.568974046251818022e-01 5.028133035012041230e-01 5.025309189386387709e-01 5.197624012969781493e-01
3.571428571428572063e-01 5.730503373277927581e-01 5.730503373277927581e-01 4.472970505632071214e-01 4.936986210987124868e-01 5.149122874904719094e-01
4.591836734693877098e-01 6.308160273095065884e-01 6.308160273095065884e-01 5.361428005859147916e-01 5.083256825421832437e-01 5.125557346791308477e-01
5.612244897959186574e-01 6.243088147212594308e-01 6.243088147212594308e-01 5.194519666294274973e-01 4.884154266320419047e-01 5.112805210769301167e-01
6.632653061224491609e-01 5.541917097317538010e-01 5.541917097317538010e-01 4.415891179739011019e-01 5.157266754307318068e-01 5.108623456019045772e-01
7.653061224489796643e-01 4.276088394119190728e-01 4.276088394119190728e-01 5.314998169317919352e-01 4.746719977089869369e-01 5.113226582061595193e-01
8.673469387755101678e-01 2.574575433011343506e-01 2.574575433011343506e-01 5.680334039203369656e-01 5.482729639350479856e-01 5.122292527158625042e-01
9.693877551020406713e-01 6.107428275046043048e-02 6.107428275046042354e-02 1.796063711661215201e-01 2.883850665661061297e-01 4.896044345071706716e-01
1.071428571428571619e+00 -1.415317452233774143e-01 -1.415317452233774143e-01 -3.870545935168905327e-01 -5.392866198302048719e-01 -5.250262163358333511e-01
1.173469387755102122e+00 -3.297173151278515735e-01 -3.297173151278515735e-01 -5.917125424066067563e-01 -4.676532227463863212e-01 -5.047063237824097603e-01
1.275510204081632626e+00 -4.843084803986531517e-01 -4.843084803986531517e-01 -4.768063553603701932e-01 -5.261285340475656547e-01 -4.999504388601306304e-01
1.377551020408163573e+00 -5.895541781688403704e-01 -5.895541781688403704e-01 -4.604062541644749484e-01 -4.753248616698083628e-01 -4.975500426631867534e-01
1.479591836734694077e+00 -6.347310815319254784e-01 -6.347310815319254784e-01 -5.471545898192522461e-01 -5.245324240771613855e-01 -4.957020185807946566e-01
1.581632653061224580e+00 -6.152361832995023594e-01 -6.152361832995023594e-01 -4.993666553277538167e-01 -4.726512594963861447e-01 -4.932724818410683110e-01
1.683673469387755084e+00 -5.330557895266784252e-01 -5.330557895266784252e-01 -4.446365120175002073e-01 -5.326645400619243187e-01 -4.898745534896111198e-01
1.785714285714285587e+00 -3.965631377557053971e-01 -3.965631377557053971e-01 -5.588528683637160599e-01 -4.537198257718093042e-01 -4.835508262131258950e-01
1.887755102040816091e+00 -2.196652603525927339e-01 -2.196652603525927616e-01 -5.277347056371626266e-01 -5.814274826367903382e-01 -4.648223602305243118e-01
1.989795918367347483e+00 -2.038601775673876126e-02 -2.038601775673876126e-02 -6.083064043643349184e-02 -1.005398685186446317e-01 -1.948831269957956580e-01
2.091836734693877986e+00 1.809703257312021973e-01 1.809703257312021973e-01 4.671138730203276412e-01 5.839051826994445804e-01 4.591161328686305110e-01
2.193877551020408490e+00 3.638878731039186243e-01 3.638878731039186243e-01 5.804174539937662081e-01 4.497448120278701444e-01 4.762878144183210205e-01
2.295918367346938993e+00 5.097294287423242976e-01 5.097294287423242976e-01 4.566947877668813827e-01 5.371400309621436886e-01 4.818056285318215171e-01
2.397959183673469497e+00 6.036354144328173188e-01 6.036354144328173188e-01 4.786910576729627165e-01 4.674576906403158927e-01 4.841480672091401094e-01
2.500000000000000000e+00 6.360378895909399866e-01 6.360378895909399866e-01 5.509975514327800639e-01 5.307339449265170428e-01 4.849784698386598314e-01
