# n,I1,I2
2.000000000000000000e+00 6.470588235294116863e-01 1.493256973436122514e+00
4.000000000000000000e+00 6.364269950052272584e-01 1.501189518291079938e+00
6.000000000000000000e+00 6.217170502156809109e-01 1.518894758047509841e+00
8.000000000000000000e+00 6.200749908740362804e-01 1.533760037067568582e+00
1.000000000000000000e+01 6.208211739918287897e-01 1.542576341923459271e+00
1.200000000000000000e+01 6.213336687199152442e-01 1.547802069615382914e+00
1.400000000000000000e+01 6.214957291507533510e-01 1.551237279082251064e+00
1.600000000000000000e+01 6.215065102751339277e-01 1.553737734932651771e+00
1.800000000000000000e+01 6.214820283905950760e-01 1.555679002014507040e+00
2.000000000000000000e+01 6.214614843563083246e-01 1.557239363893485828e+00
2.200000000000000000e+01 6.214509693802759971e-01 1.558519013605878412e+00
2.400000000000000000e+01 6.214473865640968153e-01 1.559583895173713097e+00
2.600000000000000000e+01 6.214471001358905511e-01 1.560481462246400053e+00
2.800000000000000000e+01 6.214478763293002084e-01 1.561247081915018597e+00
3.000000000000000000e+01 6.214487072756729180e-01 1.561907419767503580e+00
3.200000000000000000e+01 6.214492814620550254e-01 1.562482704261958011e+00
3.400000000000000000e+01 6.214495898583579647e-01 1.562988398198805973e+00
3.600000000000000000e+01 6.214497141446939654e-01 1.563436446813849079e+00
3.800000000000000000e+01 6.214497371994230912e-01 1.563836196014982916e+00
4.000000000000000000e+01 6.214497167705715919e-01 1.564195057928578603e+00
4.200000000000000000e+01 6.214496853485766970e-01 1.564518989786208403e+00
4.400000000000000000e+01 6.214496576739586553e-01 1.564812838932976291e+00
4.600000000000000000e+01 6.214496382745537950e-01 1.565080593466695813e+00
4.800000000000000000e+01 6.214496268208047347e-01 1.565325566725820794e+00
5.000000000000000000e+01 6.214496212732548708e-01 1.565550535221837736e+00
5.200000000000000000e+01 6.214496194433961618e-01 1.565757843432031615e+00
5.400000000000000000e+01 6.214496196013038487e-01 1.565949484632154221e+00
5.600000000000000000e+01 6.214496205941442142e-01 1.566127164095153512e+00
5.800000000000000000e+01 6.214496217567440084e-01 1.566292349088055591e+00
6.000000000000000000e+01 6.214496227677859252e-01 1.566446308819977373e+00
6.200000000000000000e+01 6.214496235166122595e-01 1.566590146640531866e+00
6.400000000000000000e+01 6.214496240049647291e-01 1.566724826186356445e+00
6.600000000000000000e+01 6.214496242829056216e-01 1.566851192759296074e+00
6.800000000000000000e+01 6.214496244117991841e-01 1.566969990913759103e+00
7.000000000000000000e+01 6.214496244468731279e-01 1.567081879008763279e+00
7.200000000000000000e+01 6.214496244304695827e-01 1.567187441316180596e+00
7.400000000000000000e+01 6.214496243918768981e-01 1.567287198146035232e+00
7.600000000000000000e+01 6.214496243475788884e-01 1.567381614361222031e+00
7.800000000000000000e+01 6.214496243082163751e-01 1.567471106560317073e+00
8.000000000000000000e+01 6.214496242767890699e-01 1.567556049182861289e+00
8.200000000000000000e+01 6.214496242544128579e-01 1.567636779701531591e+00
8.400000000000000000e+01 6.214496242399031312e-01 1.567713603072098172e+00
8.600000000000000000e+01 6.214496242315898922e-01 1.567786795552528423e+00
8.800000000000000000e+01 6.214496242276470461e-01 1.567856607997919705e+00
9.000000000000000000e+01 6.214496242268153781e-01 1.567923268710845530e+00
9.200000000000000000e+01 6.214496242274359927e-01 1.567986985918481180e+00
9.400000000000000000e+01 6.214496242287939065e-01 1.568047949927698692e+00
9.600000000000000000e+01 6.214496242302424145e-01 1.568106335011241859e+00
9.800000000000000000e+01 6.214496242321102537e-01 1.568162301058040775e+00
1.000000000000000000e+02 6.214496242331126741e-01 1.568215995029294429e+00
1.020000000000000000e+02 6.214496242345005639e-01 1.568267552232010864e+00
1.040000000000000000e+02 6.214496242352826050e-01 1.568317097456832121e+00
1.060000000000000000e+02 6.214496242355799227e-01 1.568364745974667684e+00
1.080000000000000000e+02 6.214496242357937517e-01 1.568410604428116750e+00
1.100000000000000000e+02 6.214496242362643752e-01 1.568454771622781463e+00
1.120000000000000000e+02 6.214496242360498801e-01 1.568497339235582100e+00
1.140000000000000000e+02 6.214496242363692913e-01 1.568538392441186202e+00
1.160000000000000000e+02 6.214496242361219336e-01 1.568578010483414831e+00
1.180000000000000000e+02 6.214496242355720401e-01 1.568616267177801893e+00
1.200000000000000000e+02 6.214496242359262013e-01 1.568653231367908463e+00
1.220000000000000000e+02 6.214496242354138333e-01 1.568688967342610541e+00
1.240000000000000000e+02 6.214496242360301181e-01 1.568723535197041663e+00
1.260000000000000000e+02 6.214496242365100676e-01 1.568756991177597149e+00
1.280000000000000000e+02 6.214496242359581757e-01 1.568789387981225358e+00
