# n,I1,I2
2.000000000000000000e+00 1.181635900603677181e+00 1.948188243548184762e+00
4.000000000000000000e+00 1.306018626983011854e+00 2.328295413123967705e+00
6.000000000000000000e+00 1.331901737674665132e+00 2.493193884795854576e+00
8.000000000000000000e+00 1.339187354017500775e+00 2.588463619268206894e+00
1.000000000000000000e+01 1.341639261167582697e+00 2.652028005947349776e+00
1.200000000000000000e+01 1.342570508738395674e+00 2.698192712322869280e+00
1.400000000000000000e+01 1.342956987200811136e+00 2.733631907507648506e+00
1.600000000000000000e+01 1.343128749273123645e+00 2.761918843956420400e+00
1.800000000000000000e+01 1.343209394722873151e+00 2.785159006787656377e+00
2.000000000000000000e+01 1.343249013390408253e+00 2.804683334304938658e+00
2.200000000000000000e+01 1.343269233917588013e+00 2.821379490000539558e+00
2.400000000000000000e+01 1.343279897255954536e+00 2.835865032305608491e+00
2.600000000000000000e+01 1.343285682849615137e+00 2.848584519123287695e+00
2.800000000000000000e+01 1.343288901482220465e+00 2.859867113382442039e+00
3.000000000000000000e+01 1.343290732330115533e+00 2.869962370785315908e+00
3.200000000000000000e+01 1.343291794728445510e+00 2.879063346049836269e+00
3.400000000000000000e+01 1.343292422403831177e+00 2.887322006112885475e+00
3.600000000000000000e+01 1.343292799351572198e+00 2.894859803595701830e+00
3.800000000000000000e+01 1.343293029132111682e+00 2.901775108669499836e+00
4.000000000000000000e+01 1.343293171136538788e+00 2.908148545250288652e+00
4.200000000000000000e+01 1.343293260012742296e+00 2.914046895330161924e+00
4.400000000000000000e+01 1.343293316293363349e+00 2.919526004000037922e+00
4.600000000000000000e+01 1.343293352323343459e+00 2.924632973708763295e+00
4.800000000000000000e+01 1.343293375624786679e+00 2.929407844311775033e+00
5.000000000000000000e+01 1.343293390838353751e+00 2.933884895344907040e+00
5.200000000000000000e+01 1.343293400860336106e+00 2.938093666856770536e+00
5.400000000000000000e+01 1.343293407517979432e+00 2.942059767880223387e+00
5.600000000000000000e+01 1.343293411975808649e+00 2.945805522786615782e+00
5.800000000000000000e+01 1.343293414983084855e+00 2.949350492543505453e+00
6.000000000000000000e+01 1.343293417026221848e+00 2.952711898481724440e+00
6.200000000000000000e+01 1.343293418423676888e+00 2.955904969385377612e+00
6.400000000000000000e+01 1.343293419385621190e+00 2.958943227759151640e+00
6.600000000000000000e+01 1.343293420051814513e+00 2.961838727464722876e+00
6.800000000000000000e+01 1.343293420515865755e+00 2.964602252185325693e+00
7.000000000000000000e+01 1.343293420840902197e+00 2.967243482118252729e+00
7.200000000000000000e+01 1.343293421069775562e+00 2.969771134729321194e+00
7.400000000000000000e+01 1.343293421231753992e+00 2.972193084202162883e+00
7.600000000000000000e+01 1.343293421346945404e+00 2.974516463287073531e+00
7.800000000000000000e+01 1.343293421429247347e+00 2.976747750530717163e+00
8.000000000000000000e+01 1.343293421488314321e+00 2.978892845300715297e+00
8.200000000000000000e+01 1.343293421530888265e+00 2.980957132570953405e+00
8.400000000000000000e+01 1.343293421561700285e+00 2.982945539077345831e+00
8.600000000000000000e+01 1.343293421584091041e+00 2.984862582168824385e+00
8.800000000000000000e+01 1.343293421600423976e+00 2.986712412449425091e+00
9.000000000000000000e+01 1.343293421612381744e+00 2.988498851121966116e+00
9.200000000000000000e+01 1.343293421621169159e+00 2.990225422793375110e+00
9.400000000000000000e+01 1.343293421627647977e+00 2.991895384378682632e+00
9.600000000000000000e+01 1.343293421632441031e+00 2.993511750639846980e+00
9.800000000000000000e+01 1.343293421635998186e+00 2.995077316812331691e+00
1.000000000000000000e+02 1.343293421638648288e+00 2.996594678703575099e+00
1.020000000000000000e+02 1.343293421640625152e+00 2.998066250590148307e+00
1.040000000000000000e+02 1.343293421642107521e+00 2.999494281192731204e+00
1.060000000000000000e+02 1.343293421643221075e+00 3.000880867967966825e+00
1.080000000000000000e+02 1.343293421644059293e+00 3.002227969922591999e+00
1.100000000000000000e+02 1.343293421644692121e+00 3.003537419126967922e+00
1.120000000000000000e+02 1.343293421645172181e+00 3.004810931081009162e+00
1.140000000000000000e+02 1.343293421645535890e+00 3.006050114065135670e+00
1.160000000000000000e+02 1.343293421645813002e+00 3.007256477591611521e+00
1.180000000000000000e+02 1.343293421646025498e+00 3.008431440056607009e+00
1.200000000000000000e+02 1.343293421646186037e+00 3.009576335680820947e+00
1.220000000000000000e+02 1.343293421646310382e+00 3.010692420815375581e+00
1.240000000000000000e+02 1.343293421646405861e+00 3.011780879680468814e+00
1.260000000000000000e+02 1.343293421646479135e+00 3.012842829596031891e+00
1.280000000000000000e+02 1.343293421646535757e+00 3.013879325756657401e+00
