# n,I1
2.000000000000000000e+00 1.666666666666666572e+02
4.000000000000000000e+00 8.333333333333332860e+01
6.000000000000000000e+00 5.555555555555555003e+01
8.000000000000000000e+00 4.166666666666666430e+01
1.000000000000000000e+01 3.333333333333333570e+01
1.200000000000000000e+01 2.777777777777777501e+01
1.400000000000000000e+01 2.380952380952381020e+01
1.600000000000000000e+01 2.083333333333333215e+01
1.800000000000000000e+01 1.851851851851851904e+01
2.000000000000000000e+01 1.666666666666666785e+01
2.200000000000000000e+01 1.515151515151515049e+01
2.400000000000000000e+01 1.388888888888888751e+01
2.600000000000000000e+01 1.282051282051281937e+01
2.800000000000000000e+01 1.190476190476190510e+01
3.000000000000000000e+01 1.111111111111111249e+01
3.200000000000000000e+01 1.041666666666666607e+01
3.400000000000000000e+01 9.803921568627458782e+00
3.600000000000000000e+01 9.259259259259300379e+00
3.800000000000000000e+01 8.771929824561590650e+00
4.000000000000000000e+01 8.333333333334074666e+00
4.200000000000000000e+01 7.936507936510490246e+00
4.400000000000000000e+01 7.575757575765467600e+00
4.600000000000000000e+01 7.246376811616364044e+00
4.800000000000000000e+01 6.944444444501641556e+00
5.000000000000000000e+01 6.666666666803735097e+00
5.200000000000000000e+01 6.410256410563985874e+00
5.400000000000000000e+01 6.172839506823834199e+00
5.600000000000000000e+01 5.952380953688654053e+00
5.800000000000000000e+01 5.747126439288136268e+00
6.000000000000000000e+01 5.555555560161174355e+00
6.200000000000000000e+01 5.376344094166944032e+00
6.400000000000000000e+01 5.208333347248620626e+00
6.600000000000000000e+01 5.050505073539381939e+00
6.800000000000000000e+01 4.901960821361366349e+00
7.000000000000000000e+01 4.761904819942046174e+00
7.200000000000000000e+01 4.629629718377494818e+00
7.400000000000000000e+01 4.504504637230035691e+00
7.600000000000000000e+01 4.385965106749569742e+00
7.800000000000000000e+01 4.273504553094039871e+00
8.000000000000000000e+01 4.166667061648640313e+00
8.200000000000000000e+01 4.065041199401357552e+00
8.400000000000000000e+01 3.968254719863651303e+00
8.600000000000000000e+01 3.875970006863850958e+00
8.800000000000000000e+01 3.787880139662640921e+00
9.000000000000000000e+01 3.703705482737523536e+00
9.200000000000000000e+01 3.623190720392095443e+00
9.400000000000000000e+01 3.546102269936287410e+00
9.600000000000000000e+01 3.472226018225907040e+00
9.800000000000000000e+01 3.401365335363937703e+00
1.000000000000000000e+02 3.333339326757668974e+00
1.020000000000000000e+02 3.267981290813052109e+00
1.040000000000000000e+02 3.205137354581373721e+00
1.060000000000000000e+02 3.144665263852437498e+00
1.080000000000000000e+02 3.086433307670889636e+00
1.100000000000000000e+02 3.030319360165101283e+00
1.120000000000000000e+02 2.976210025022545391e+00
1.140000000000000000e+02 2.923999870004285295e+00
1.160000000000000000e+02 2.873590740630318496e+00
1.180000000000000000e+02 2.824891143641437452e+00
1.200000000000000000e+02 2.777815692096057720e+00
1.220000000000000000e+02 2.732284605028391766e+00
1.240000000000000000e+02 2.688223255507308895e+00
1.260000000000000000e+02 2.645561761717646565e+00
1.280000000000000000e+02 2.604234616358244825e+00
1.300000000000000000e+02 2.564180350230258920e+00
1.320000000000000000e+02 2.525341226389598237e+00
1.340000000000000000e+02 2.487662961670487061e+00
1.360000000000000000e+02 2.451094472762832321e+00
1.380000000000000000e+02 2.415587644352872321e+00
1.400000000000000000e+02 2.381097117121248274e+00
1.420000000000000000e+02 2.347580093641293164e+00
1.440000000000000000e+02 2.314996160437816197e+00
1.460000000000000000e+02 2.283307124657389497e+00
1.480000000000000000e+02 2.252476863968619014e+00
1.500000000000000000e+02 2.222471188458277958e+00
1.520000000000000000e+02 2.193257713419106913e+00
1.540000000000000000e+02 2.164805742039808578e+00
1.560000000000000000e+02 2.137086157109273632e+00
1.580000000000000000e+02 2.110071320936973027e+00
1.600000000000000000e+02 2.083734982771273447e+00
1.620000000000000000e+02 2.058052193068348856e+00
1.640000000000000000e+02 2.032999224027514984e+00
1.660000000000000000e+02 2.008553495865093907e+00
1.680000000000000000e+02 1.984693508349186786e+00
1.700000000000000000e+02 1.961398777162662199e+00
1.720000000000000000e+02 1.938649774701894479e+00
1.740000000000000000e+02 1.916427874954870880e+00
1.760000000000000000e+02 1.894715302134640567e+00
1.780000000000000000e+02 1.873495082773207754e+00
1.800000000000000000e+02 1.852751001007141074e+00
1.820000000000000000e+02 1.832467556809797671e+00
1.840000000000000000e+02 1.812629926946324854e+00
1.860000000000000000e+02 1.793223928446860738e+00
1.880000000000000000e+02 1.774235984410734712e+00
1.900000000000000000e+02 1.755653091970210022e+00
1.920000000000000000e+02 1.737462792256584843e+00
1.940000000000000000e+02 1.719653142224415898e+00
1.960000000000000000e+02 1.702212688201371060e+00
1.980000000000000000e+02 1.685130441041929661e+00
2.000000000000000000e+02 1.668395852772847077e+00
2.020000000000000000e+02 1.651998794627188127e+00
2.040000000000000000e+02 1.635929536371800941e+00
2.060000000000000000e+02 1.620178726840465711e+00
2.080000000000000000e+02 1.604737375591723803e+00
2.100000000000000000e+02 1.589596835616508663e+00
2.120000000000000000e+02 1.574748787026374997e+00
2.140000000000000000e+02 1.560185221658265675e+00
2.160000000000000000e+02 1.545898428536499836e+00
2.180000000000000000e+02 1.531880980136995696e+00
2.200000000000000000e+02 1.518125719402756868e+00
2.220000000000000000e+02 1.504625747463288032e+00
2.240000000000000000e+02 1.491374412013995121e+00
2.260000000000000000e+02 1.478365296314728239e+00
2.280000000000000000e+02 1.465592208769478377e+00
2.300000000000000000e+02 1.453049173051877085e+00
2.320000000000000000e+02 1.440730418743588759e+00
2.340000000000000000e+02 1.428630372454916975e+00
2.360000000000000000e+02 1.416743649399029970e+00
2.380000000000000000e+02 1.405065045393125489e+00
2.400000000000000000e+02 1.393589529261632931e+00
2.420000000000000000e+02 1.382312235618182283e+00
2.440000000000000000e+02 1.371228458004615680e+00
2.460000000000000000e+02 1.360333642366689411e+00
2.480000000000000000e+02 1.349623380847469356e+00
2.500000000000000000e+02 1.339093405880596110e+00
2.520000000000000000e+02 1.328739584566753340e+00
2.540000000000000000e+02 1.318557913317702779e+00
2.560000000000000000e+02 1.308544512753235578e+00
2.580000000000000000e+02 1.298695622837295449e+00
2.600000000000000000e+02 1.289007598240359487e+00
2.620000000000000000e+02 1.279476903915978570e+00
2.640000000000000000e+02 1.270100110880077349e+00
2.660000000000000000e+02 1.260873892182326372e+00
2.680000000000000000e+02 1.251795019059518843e+00
2.700000000000000000e+02 1.242860357261488469e+00
2.720000000000000000e+02 1.234066863540661085e+00
2.740000000000000000e+02 1.225411582296846102e+00
2.760000000000000000e+02 1.216891642369365423e+00
2.780000000000000000e+02 1.208504253969073794e+00
2.800000000000000000e+02 1.200246705743243769e+00
2.820000000000000000e+02 1.192116361966687466e+00
2.840000000000000000e+02 1.184110659852870562e+00
2.860000000000000000e+02 1.176227106979108372e+00
2.880000000000000000e+02 1.168463278820272677e+00
2.900000000000000000e+02 1.160816816385745298e+00
2.920000000000000000e+02 1.153285423954633737e+00
2.940000000000000000e+02 1.145866866904546200e+00
2.960000000000000000e+02 1.138558969629474227e+00
2.980000000000000000e+02 1.131359613542568310e+00
3.000000000000000000e+02 1.124266735159815012e+00
3.020000000000000000e+02 1.117278324260846611e+00
3.040000000000000000e+02 1.110392422123297473e+00
3.060000000000000000e+02 1.103607119827325178e+00
3.080000000000000000e+02 1.096920556627072552e+00
3.100000000000000000e+02 1.090330918386033909e+00
3.120000000000000000e+02 1.083836436073426945e+00
3.140000000000000000e+02 1.077435384318831346e+00
3.160000000000000000e+02 1.071126080022486882e+00
3.180000000000000000e+02 1.064906881018780505e+00
3.200000000000000000e+02 1.058776184790576114e+00
3.220000000000000000e+02 1.052732427232147883e+00
3.240000000000000000e+02 1.046774081458608618e+00
3.260000000000000000e+02 1.040899656659801442e+00
3.280000000000000000e+02 1.035107696996752980e+00
3.300000000000000000e+02 1.029396780538851086e+00
3.320000000000000000e+02 1.023765518240018935e+00
3.340000000000000000e+02 1.018212552952230343e+00
3.360000000000000000e+02 1.012736558474790938e+00
3.380000000000000000e+02 1.007336238637891457e+00
3.400000000000000000e+02 1.002010326419002784e+00
3.420000000000000000e+02 9.967575830907510204e-01
3.440000000000000000e+02 9.915767973989786377e-01
3.460000000000000000e+02 9.864667847697544678e-01
3.480000000000000000e+02 9.814263865441493762e-01
3.500000000000000000e+02 9.764544692396622816e-01
3.520000000000000000e+02 9.715499238372092838e-01
3.540000000000000000e+02 9.667116650926662613e-01
3.560000000000000000e+02 9.619386308719721779e-01
3.580000000000000000e+02 9.572297815088695039e-01
3.600000000000000000e+02 9.525840991843855798e-01
3.620000000000000000e+02 9.480005873272009387e-01
3.640000000000000000e+02 9.434782700340911266e-01
3.660000000000000000e+02 9.390161915096637557e-01
3.680000000000000000e+02 9.346134155246439423e-01
3.700000000000000000e+02 9.302690248919974758e-01
3.720000000000000000e+02 9.259821209602099312e-01
3.740000000000000000e+02 9.217518231230694692e-01
3.760000000000000000e+02 9.175772683453287115e-01
3.780000000000000000e+02 9.134576107036495030e-01
3.800000000000000000e+02 9.093920209422584611e-01
3.820000000000000000e+02 9.053796860427634208e-01
3.840000000000000000e+02 9.014198088076109672e-01
3.860000000000000000e+02 8.975116074566756863e-01
3.880000000000000000e+02 8.936543152365041820e-01
3.900000000000000000e+02 8.898471800417528943e-01
3.920000000000000000e+02 8.860894640483703011e-01
3.940000000000000000e+02 8.823804433581081685e-01
3.960000000000000000e+02 8.787194076539441845e-01
3.980000000000000000e+02 8.751056598660388319e-01
4.000000000000000000e+02 8.715385158478349270e-01
4.020000000000000000e+02 8.680173040619557634e-01
4.040000000000000000e+02 8.645413652755470357e-01
4.060000000000000000e+02 8.611100522647321398e-01
4.080000000000000000e+02 8.577227295278678776e-01
4.100000000000000000e+02 8.543787730072861519e-01
4.120000000000000000e+02 8.510775698192375449e-01
4.140000000000000000e+02 8.478185179917451242e-01
4.160000000000000000e+02 8.446010262101036892e-01
4.180000000000000000e+02 8.414245135697616673e-01
4.200000000000000000e+02 8.382884093363351941e-01
4.220000000000000000e+02 8.351921527125113487e-01
4.240000000000000000e+02 8.321351926116122844e-01
4.260000000000000000e+02 8.291169874375949878e-01
4.280000000000000000e+02 8.261370048712711744e-01
4.300000000000000000e+02 8.231947216625450370e-01
4.320000000000000000e+02 8.202896234284644539e-01
4.340000000000000000e+02 8.174212044568996971e-01
4.360000000000000000e+02 8.145889675156618992e-01
4.380000000000000000e+02 8.117924236668853100e-01
4.400000000000000000e+02 8.090310920865034783e-01
4.420000000000000000e+02 8.063044998886538250e-01
4.440000000000000000e+02 8.036121819548509571e-01
4.460000000000000000e+02 8.009536807677789527e-01
4.480000000000000000e+02 7.983285462495549600e-01
4.500000000000000000e+02 7.957363356043176683e-01
4.520000000000000000e+02 7.931766131650115348e-01
4.540000000000000000e+02 7.906489502442285433e-01
4.560000000000000000e+02 7.881529249889844824e-01
4.580000000000000000e+02 7.856881222393038433e-01
4.600000000000000000e+02 7.832541333904989855e-01
4.620000000000000000e+02 7.808505562590251081e-01
4.640000000000000000e+02 7.784769949518046683e-01
4.660000000000000000e+02 7.761330597389120012e-01
4.680000000000000000e+02 7.738183669295196632e-01
4.700000000000000000e+02 7.715325387510016952e-01
4.720000000000000000e+02 7.692752032311038768e-01
4.740000000000000000e+02 7.670459940830851586e-01
4.760000000000000000e+02 7.648445505937421229e-01
4.780000000000000000e+02 7.626705175142320936e-01
4.800000000000000000e+02 7.605235449536077441e-01
4.820000000000000000e+02 7.584032882749880411e-01
4.840000000000000000e+02 7.563094079942815906e-01
4.860000000000000000e+02 7.542415696813949966e-01
4.880000000000000000e+02 7.521994438638467395e-01
4.900000000000000000e+02 7.501827059327192959e-01
4.920000000000000000e+02 7.481910360508837732e-01
4.940000000000000000e+02 7.462241190634276711e-01
4.960000000000000000e+02 7.442816444102242635e-01
4.980000000000000000e+02 7.423633060405835371e-01
5.000000000000000000e+02 7.404688023299217381e-01
5.020000000000000000e+02 7.385978359983977892e-01
5.040000000000000000e+02 7.367501140314526298e-01
5.060000000000000000e+02 7.349253476022087339e-01
5.080000000000000000e+02 7.331232519956669691e-01
5.100000000000000000e+02 7.313435465346583841e-01
5.120000000000000000e+02 7.295859545074973029e-01
5.140000000000000000e+02 7.278502030972915371e-01
5.160000000000000000e+02 7.261360233128619779e-01
5.180000000000000000e+02 7.244431499212290460e-01
5.200000000000000000e+02 7.227713213816214788e-01
5.220000000000000000e+02 7.211202797809681542e-01
5.240000000000000000e+02 7.194897707708289847e-01
5.260000000000000000e+02 7.178795435057305774e-01
5.280000000000000000e+02 7.162893505828654694e-01
5.300000000000000000e+02 7.147189479831188574e-01
5.320000000000000000e+02 7.131680950133900687e-01
5.340000000000000000e+02 7.116365542501695840e-01
5.360000000000000000e+02 7.101240914843428564e-01
5.380000000000000000e+02 7.086304756671852889e-01
5.400000000000000000e+02 7.071554788575206141e-01
5.420000000000000000e+02 7.056988761700065949e-01
5.440000000000000000e+02 7.042604457245259519e-01
5.460000000000000000e+02 7.028399685966467692e-01
5.480000000000000000e+02 7.014372287691307273e-01
5.500000000000000000e+02 7.000520130844554156e-01
5.520000000000000000e+02 6.986841111983338459e-01
5.540000000000000000e+02 6.973333155341961964e-01
5.560000000000000000e+02 6.959994212386155787e-01
5.580000000000000000e+02 6.946822261376510710e-01
5.600000000000000000e+02 6.933815306940863676e-01
5.620000000000000000e+02 6.920971379655401767e-01
5.640000000000000000e+02 6.908288535634284910e-01
5.660000000000000000e+02 6.895764856127531983e-01
5.680000000000000000e+02 6.883398447127037079e-01
5.700000000000000000e+02 6.871187438980433937e-01
5.720000000000000000e+02 6.859129986012677538e-01
5.740000000000000000e+02 6.847224266155115258e-01
5.760000000000000000e+02 6.835468480581887718e-01
5.780000000000000000e+02 6.823860853353468370e-01
5.800000000000000000e+02 6.812399631067167505e-01
5.820000000000000000e+02 6.801083082514439715e-01
5.840000000000000000e+02 6.789909498344838257e-01
5.860000000000000000e+02 6.778877190736425362e-01
5.880000000000000000e+02 6.767984493072526364e-01
5.900000000000000000e+02 6.757229759624635568e-01
5.920000000000000000e+02 6.746611365241372837e-01
5.940000000000000000e+02 6.736127705043307712e-01
5.960000000000000000e+02 6.725777194123531144e-01
5.980000000000000000e+02 6.715558267253841640e-01
6.000000000000000000e+02 6.705469378596407015e-01
6.020000000000000000e+02 6.695509001420796302e-01
6.040000000000000000e+02 6.685675627826219714e-01
6.060000000000000000e+02 6.675967768468881181e-01
6.080000000000000000e+02 6.666383952294343551e-01
6.100000000000000000e+02 6.656922726274748792e-01
6.120000000000000000e+02 6.647582655150809927e-01
6.140000000000000000e+02 6.638362321178473691e-01
6.160000000000000000e+02 6.629260323880122874e-01
6.180000000000000000e+02 6.620275279800236223e-01
6.200000000000000000e+02 6.611405822265409293e-01
6.220000000000000000e+02 6.602650601148604137e-01
6.240000000000000000e+02 6.594008282637590090e-01
6.260000000000000000e+02 6.585477549007435760e-01
6.280000000000000000e+02 6.577057098396977830e-01
6.300000000000000000e+02 6.568745644589193411e-01
6.320000000000000000e+02 6.560541916795366024e-01
6.340000000000000000e+02 6.552444659442981933e-01
6.360000000000000000e+02 6.544452631967274669e-01
6.380000000000000000e+02 6.536564608606315607e-01
6.400000000000000000e+02 6.528779378199617289e-01
6.420000000000000000e+02 6.521095743990125149e-01
6.440000000000000000e+02 6.513512523429572099e-01
6.460000000000000000e+02 6.506028547987080524e-01
6.480000000000000000e+02 6.498642662960982808e-01
6.500000000000000000e+02 6.491353727293762699e-01
6.520000000000000000e+02 6.484160613390073102e-01
6.540000000000000000e+02 6.477062206937743705e-01
6.560000000000000000e+02 6.470057406731750671e-01
6.580000000000000000e+02 6.463145124501040728e-01
6.600000000000000000e+02 6.456324284738191865e-01
6.620000000000000000e+02 6.449593824531838493e-01
6.640000000000000000e+02 6.442952693401786668e-01
6.660000000000000000e+02 6.436399853136792748e-01
6.680000000000000000e+02 6.429934277634943296e-01
6.700000000000000000e+02 6.423554952746557412e-01
6.720000000000000000e+02 6.417260876119612600e-01
6.740000000000000000e+02 6.411051057047587598e-01
6.760000000000000000e+02 6.404924516319715488e-01
6.780000000000000000e+02 6.398880286073578283e-01
6.800000000000000000e+02 6.392917409649999660e-01
6.820000000000000000e+02 6.387034941450195902e-01
6.840000000000000000e+02 6.381231946795147270e-01
6.860000000000000000e+02 6.375507501787111009e-01
6.880000000000000000e+02 6.369860693173291510e-01
6.900000000000000000e+02 6.364290618211567718e-01
6.920000000000000000e+02 6.358796384538286661e-01
6.940000000000000000e+02 6.353377110038043174e-01
6.960000000000000000e+02 6.348031922715442477e-01
6.980000000000000000e+02 6.342759960568777888e-01
7.000000000000000000e+02 6.337560371465608133e-01
7.020000000000000000e+02 6.332432313020193160e-01
7.040000000000000000e+02 6.327374952472744063e-01
7.060000000000000000e+02 6.322387466570470460e-01
7.080000000000000000e+02 6.317469041450370915e-01
7.100000000000000000e+02 6.312618872523753089e-01
