# n,I2
2.000000000000000000e+00 1.666694999891667237e+02
4.000000000000000000e+00 8.334000917012379261e+01
6.000000000000000000e+00 5.556606969837604737e+01
8.000000000000000000e+00 4.168101863834264265e+01
1.000000000000000000e+01 3.335152282036416693e+01
1.200000000000000000e+01 2.779980443335970364e+01
1.400000000000000000e+01 2.383538722748238570e+01
1.600000000000000000e+01 2.086303304277384996e+01
1.800000000000000000e+01 1.855205398240065406e+01
2.000000000000000000e+01 1.670403728136542654e+01
2.200000000000000000e+01 1.519272024668565280e+01
2.400000000000000000e+01 1.393392772744135577e+01
2.600000000000000000e+01 1.286938459863409179e+01
2.800000000000000000e+01 1.195746575195988903e+01
3.000000000000000000e+01 1.116764609027260313e+01
3.200000000000000000e+01 1.047703177412435238e+01
3.400000000000000000e+01 9.868115734234100600e+00
3.600000000000000000e+01 9.327281346468138779e+00
3.800000000000000000e+01 8.843778630512394656e+00
4.000000000000000000e+01 8.409007588944470868e+00
4.200000000000000000e+01 8.016006306572192486e+00
4.400000000000000000e+01 7.659078659044802784e+00
4.600000000000000000e+01 7.333519140958146387e+00
4.800000000000000000e+01 7.035406486934788539e+00
5.000000000000000000e+01 6.761446823646075188e+00
5.200000000000000000e+01 6.508853017522516993e+00
5.400000000000000000e+01 6.275250834085184692e+00
5.600000000000000000e+01 6.058605205992810383e+00
5.800000000000000000e+01 5.857161755976698636e+00
6.000000000000000000e+01 5.669400015189606457e+00
6.200000000000000000e+01 5.493995696068656898e+00
6.400000000000000000e+01 5.329790039037328064e+00
6.600000000000000000e+01 5.175764732535219181e+00
6.800000000000000000e+01 5.031021258925706618e+00
7.000000000000000000e+01 4.894763781105964995e+00
7.200000000000000000e+01 4.766284881349382552e+00
7.400000000000000000e+01 4.644953612768881968e+00
7.600000000000000000e+01 4.530205437391984447e+00
7.800000000000000000e+01 4.421533712225031110e+00
8.000000000000000000e+01 4.318482452408412442e+00
8.200000000000000000e+01 4.220640153422906771e+00
8.400000000000000000e+01 4.127634495838585771e+00
8.600000000000000000e+01 4.039127788936556662e+00
8.800000000000000000e+01 3.954813035655608378e+00
9.000000000000000000e+01 3.874410522213176833e+00
9.200000000000000000e+01 3.797664852558919613e+00
9.400000000000000000e+01 3.724342361409204827e+00
9.600000000000000000e+01 3.654228850652796456e+00
9.800000000000000000e+01 3.587127602931844184e+00
1.000000000000000000e+02 3.522857633593643012e+00
1.020000000000000000e+02 3.461252148295574926e+00
1.040000000000000000e+02 3.402157178579169550e+00
1.060000000000000000e+02 3.345430371907910594e+00
1.080000000000000000e+02 3.290939916145702693e+00
1.100000000000000000e+02 3.238563581365375033e+00
1.120000000000000000e+02 3.188187864320942033e+00
1.140000000000000000e+02 3.139707222975813394e+00
1.160000000000000000e+02 3.093023390218096136e+00
1.180000000000000000e+02 3.048044757367932345e+00
1.200000000000000000e+02 3.004685819334439678e+00
1.220000000000000000e+02 2.962866674347721219e+00
1.240000000000000000e+02 2.922512572104234430e+00
1.260000000000000000e+02 2.883553504946241297e+00
1.280000000000000000e+02 2.845923837368498077e+00
1.300000000000000000e+02 2.809561969724618358e+00
1.320000000000000000e+02 2.774410032505870927e+00
1.340000000000000000e+02 2.740413607998274159e+00
1.360000000000000000e+02 2.707521476499620938e+00
1.380000000000000000e+02 2.675685384604853390e+00
1.400000000000000000e+02 2.644859833352933176e+00
1.420000000000000000e+02 2.615001884277038613e+00
1.440000000000000000e+02 2.586070981617476505e+00
1.460000000000000000e+02 2.558028789147456461e+00
1.480000000000000000e+02 2.530839040229422299e+00
1.500000000000000000e+02 2.504467399867092325e+00
1.520000000000000000e+02 2.478881337648319860e+00
1.540000000000000000e+02 2.454050010588713082e+00
1.560000000000000000e+02 2.429944154987463634e+00
1.580000000000000000e+02 2.406535986496843194e+00
1.600000000000000000e+02 2.383799107686657148e+00
1.620000000000000000e+02 2.361708422455941481e+00
1.640000000000000000e+02 2.340240056707380223e+00
1.660000000000000000e+02 2.319371284756255314e+00
1.680000000000000000e+02 2.299080460996046682e+00
1.700000000000000000e+02 2.279346956387779510e+00
1.720000000000000000e+02 2.260151099380476758e+00
1.740000000000000000e+02 2.241474120906203016e+00
1.760000000000000000e+02 2.223298103125557201e+00
1.780000000000000000e+02 2.205605931628657146e+00
1.800000000000000000e+02 2.188381250822818203e+00
1.820000000000000000e+02 2.171608422261834814e+00
1.840000000000000000e+02 2.155272485692998785e+00
1.860000000000000000e+02 2.139359122617316089e+00
1.880000000000000000e+02 2.123854622175771034e+00
1.900000000000000000e+02 2.108745849190204691e+00
1.920000000000000000e+02 2.094020214201743890e+00
1.940000000000000000e+02 2.079665645362585025e+00
1.960000000000000000e+02 2.065670562048770531e+00
1.980000000000000000e+02 2.052023850072250966e+00
2.000000000000000000e+02 2.038714838380295991e+00
2.020000000000000000e+02 2.025733277139151856e+00
2.040000000000000000e+02 2.013069317106951139e+00
2.060000000000000000e+02 2.000713490208254175e+00
2.080000000000000000e+02 1.988656691229336415e+00
2.100000000000000000e+02 1.976890160559499288e+00
2.120000000000000000e+02 1.965405467909332460e+00
2.140000000000000000e+02 1.954194496941999981e+00
2.160000000000000000e+02 1.943249430758379637e+00
2.180000000000000000e+02 1.932562738181216488e+00
2.200000000000000000e+02 1.922127160787427735e+00
2.220000000000000000e+02 1.911935700641396618e+00
2.240000000000000000e+02 1.901981608685422875e+00
2.260000000000000000e+02 1.892258373746625422e+00
2.280000000000000000e+02 1.882759712122437978e+00
2.300000000000000000e+02 1.873479557709485599e+00
2.320000000000000000e+02 1.864412052643032336e+00
2.340000000000000000e+02 1.855551538416464030e+00
2.360000000000000000e+02 1.846892547452324118e+00
2.380000000000000000e+02 1.838429795098329045e+00
2.400000000000000000e+02 1.830158172023585772e+00
2.420000000000000000e+02 1.822072736991835251e+00
2.440000000000000000e+02 1.814168709990111594e+00
2.460000000000000000e+02 1.806441465692561588e+00
2.480000000000000000e+02 1.798886527240523003e+00
2.500000000000000000e+02 1.791499560321137885e+00
2.520000000000000000e+02 1.784276367527909413e+00
2.540000000000000000e+02 1.777212882987672771e+00
2.560000000000000000e+02 1.770305167239395017e+00
2.580000000000000000e+02 1.763549402351145323e+00
2.600000000000000000e+02 1.756941887262401192e+00
2.620000000000000000e+02 1.750479033339654933e+00
2.640000000000000000e+02 1.744157360134000134e+00
2.660000000000000000e+02 1.737973491330069065e+00
2.680000000000000000e+02 1.731924150876327007e+00
2.700000000000000000e+02 1.726006159287302388e+00
2.720000000000000000e+02 1.720216430108921557e+00
2.740000000000000000e+02 1.714551966538597760e+00
2.760000000000000000e+02 1.709009858192223730e+00
2.780000000000000000e+02 1.703587278010677331e+00
2.800000000000000000e+02 1.698281479298852314e+00
2.820000000000000000e+02 1.693089792890635437e+00
2.840000000000000000e+02 1.688009624433626898e+00
2.860000000000000000e+02 1.683038451787724599e+00
2.880000000000000000e+02 1.678173822532058379e+00
2.900000000000000000e+02 1.673413351575016916e+00
2.920000000000000000e+02 1.668754718862442088e+00
2.940000000000000000e+02 1.664195667179302340e+00
2.960000000000000000e+02 1.659734000040435253e+00
2.980000000000000000e+02 1.655367579666150002e+00
3.000000000000000000e+02 1.651094325038758859e+00
3.020000000000000000e+02 1.646912210036258095e+00
3.040000000000000000e+02 1.642819261639616224e+00
3.060000000000000000e+02 1.638813558210303833e+00
3.080000000000000000e+02 1.634893227834856688e+00
3.100000000000000000e+02 1.631056446733459397e+00
3.120000000000000000e+02 1.627301437729664180e+00
3.140000000000000000e+02 1.623626468778524901e+00
3.160000000000000000e+02 1.620029851550549349e+00
3.180000000000000000e+02 1.616509940069021489e+00
3.200000000000000000e+02 1.613065129398346897e+00
3.220000000000000000e+02 1.609693854381208711e+00
3.240000000000000000e+02 1.606394588422422665e+00
3.260000000000000000e+02 1.603165842317479717e+00
3.280000000000000000e+02 1.600006163123878888e+00
3.300000000000000000e+02 1.596914133073416897e+00
3.320000000000000000e+02 1.593888368523726839e+00
3.340000000000000000e+02 1.590927518947401031e+00
3.360000000000000000e+02 1.588030265957145026e+00
3.380000000000000000e+02 1.585195322365455572e+00
3.400000000000000000e+02 1.582421431277423185e+00
3.420000000000000000e+02 1.579707365215267556e+00
